-1 1
-0.959184 1
-0.918367 1
-0.877551 1
-0.836735 1
-0.795918 1
-0.755102 1
-0.714286 1
-0.673469 1
-0.632653 1
-0.591837 1
-0.55102 1
-0.510204 1
-0.469388 1
-0.428571 1
-0.387755 1
-0.346939 1
-0.306122 1
-0.265306 1
-0.22449 1
-0.183673 1
-0.142857 1
-0.102041 1
-0.0612245 1
-0.0204082 1
0.0204082 1
0.0612245 1
0.102041 1
0.142857 1
0.183673 1
0.22449 1
0.265306 1
0.306122 1
0.346939 1
0.387755 1
0.428571 1
0.469388 1
0.510204 1
0.55102 1
0.591837 1
0.632653 1
0.673469 1
0.714286 1
0.755102 1
0.795918 1
0.836735 1
0.877551 1
0.918367 1
0.959184 1
1 1
